{
  "advancedEditorSelectedIdentifier" : "ProjectBrowser",
  "openSceneRelativePaths" : [
    "Plane.usda",
    "Wall.usda"
  ],
  "recentIdentifiers" : {
    "879E5776-EB9A-478A-A722-6497F5C4B736" : [

    ],
    "971C83E1-8934-436D-A3CC-EDB461775BC3" : [

    ],
    "AF09ED6F-1707-48FD-8720-65B998362C09" : [

    ]
  },
  "sceneCameraHistory" : {
    "879E5776-EB9A-478A-A722-6497F5C4B736" : [
      {
        "date" : 744519215.217481,
        "title" : "Untitled",
        "transform" : [
          0.99999815,
          9.90201e-12,
          0.0018920883,
          0,
          0.0010098671,
          0.8456541,
          -0.53373045,
          0,
          -0.0016000522,
          0.53373146,
          0.8456525,
          0,
          0.12177494,
          4.3299656,
          3.7861252,
          1
        ]
      },
      {
        "date" : 744517455.717576,
        "title" : "Untitled",
        "transform" : [
          0.99999815,
          9.90201e-12,
          0.0018920883,
          0,
          0.0010098671,
          0.8456541,
          -0.53373045,
          0,
          -0.0016000522,
          0.53373146,
          0.8456525,
          0,
          -1.1696818,
          3.4024584,
          4.369075,
          1
        ]
      },
      {
        "date" : 744517417.619893,
        "title" : "Untitled",
        "transform" : [
          0.99999815,
          9.90201e-12,
          0.0018920883,
          0,
          0.0010098671,
          0.8456541,
          -0.53373045,
          0,
          -0.0016000522,
          0.53373146,
          0.8456525,
          0,
          0.30765283,
          2.7637787,
          3.5512834,
          1
        ]
      },
      {
        "date" : 744517338.640499,
        "title" : "Untitled",
        "transform" : [
          0.99999815,
          9.90201e-12,
          0.0018920883,
          0,
          0.0010098671,
          0.8456541,
          -0.53373045,
          0,
          -0.0016000522,
          0.53373146,
          0.8456525,
          0,
          -0.47829747,
          4.498893,
          3.954041,
          1
        ]
      },
      {
        "date" : 744517336.452669,
        "title" : "Untitled",
        "transform" : [
          0.99999815,
          9.90201e-12,
          0.0018920883,
          0,
          0.0010098671,
          0.8456541,
          -0.53373045,
          0,
          -0.0016000522,
          0.53373146,
          0.8456525,
          0,
          0.188709,
          2.2493935,
          5.3750687,
          1
        ]
      },
      {
        "date" : 744517318.588915,
        "title" : "Untitled",
        "transform" : [
          0.99999815,
          9.90201e-12,
          0.0018920883,
          0,
          0.0010098671,
          0.8456541,
          -0.53373045,
          0,
          -0.0016000522,
          0.53373146,
          0.8456525,
          0,
          -0.17781377,
          4.550007,
          4.712417,
          1
        ]
      },
      {
        "date" : 744517317.105842,
        "title" : "Untitled",
        "transform" : [
          0.9999982,
          -8.150433e-12,
          0.0018920884,
          0,
          0.00010971269,
          0.9983175,
          -0.057984877,
          0,
          -0.0018889051,
          0.057984997,
          0.9983157,
          0,
          -0.18086578,
          1.7020556,
          6.325453,
          1
        ]
      },
      {
        "date" : 744517302.683671,
        "title" : "Untitled",
        "transform" : [
          0.9999982,
          -8.150433e-12,
          0.0018920884,
          0,
          0.00010971269,
          0.9983175,
          -0.057984877,
          0,
          -0.0018889051,
          0.057984997,
          0.9983157,
          0,
          -0.012115123,
          0.37191403,
          6.403031,
          1
        ]
      },
      {
        "date" : 744517281.122007,
        "title" : "Untitled",
        "transform" : [
          0.99999815,
          0,
          0.0018920883,
          0,
          0.0009460441,
          0.8660254,
          -0.49999905,
          0,
          -0.0016385966,
          0.49999994,
          0.86602384,
          0,
          -0.0074829445,
          2.2833455,
          3.9548526,
          1
        ]
      },
      {
        "date" : 744517278.70777,
        "title" : "Untitled",
        "transform" : [
          0.99999994,
          0,
          0,
          0,
          0,
          0.8660254,
          -0.49999994,
          0,
          0,
          0.49999994,
          0.8660254,
          0,
          0,
          3.8739653,
          6.709904,
          1
        ]
      }
    ],
    "971C83E1-8934-436D-A3CC-EDB461775BC3" : [
      {
        "date" : 744519343.679443,
        "title" : "Untitled",
        "transform" : [
          0.99954534,
          1.9409574e-10,
          0.030151319,
          0,
          0.024048023,
          0.603216,
          -0.7972152,
          0,
          -0.01818776,
          0.79757786,
          0.60294175,
          0,
          -0.038563088,
          2.5732417,
          1.7895893,
          1
        ]
      },
      {
        "date" : 744517850.64337,
        "title" : "Untitled",
        "transform" : [
          0.99956954,
          2.9889163e-10,
          -0.029337877,
          0,
          -0.01720387,
          0.81001824,
          -0.58615226,
          0,
          0.023764217,
          0.5864046,
          0.8096696,
          0,
          0.08769402,
          1.937599,
          2.46246,
          1
        ]
      },
      {
        "date" : 744517188.215749,
        "title" : "Untitled",
        "transform" : [
          0.99956954,
          2.9889163e-10,
          -0.029337877,
          0,
          -0.01720387,
          0.81001824,
          -0.58615226,
          0,
          0.023764217,
          0.5864046,
          0.8096696,
          0,
          0.20317468,
          2.1083605,
          2.335396,
          1
        ]
      },
      {
        "date" : 744517176.534239,
        "title" : "Untitled",
        "transform" : [
          0.99956954,
          2.9889163e-10,
          -0.029337877,
          0,
          -0.01720387,
          0.81001824,
          -0.58615226,
          0,
          0.023764217,
          0.5864046,
          0.8096696,
          0,
          0.13739574,
          1.967704,
          4.3627977,
          1
        ]
      },
      {
        "date" : 744517160.047448,
        "title" : "Untitled",
        "transform" : [
          0.9995696,
          -6.636992e-10,
          -0.029337877,
          0,
          -0.017203867,
          0.81001824,
          -0.58615226,
          0,
          0.023764214,
          0.5864047,
          0.8096695,
          0,
          0.064050674,
          2.1819134,
          2.2851224,
          1
        ]
      },
      {
        "date" : 744517146.46851,
        "title" : "Untitled",
        "transform" : [
          0.9995696,
          -6.636992e-10,
          -0.029337877,
          0,
          -0.017203867,
          0.81001824,
          -0.58615226,
          0,
          0.023764214,
          0.5864047,
          0.8096695,
          0,
          0.52312773,
          2.1299505,
          2.3092825,
          1
        ]
      },
      {
        "date" : 744517045.495721,
        "title" : "Untitled",
        "transform" : [
          0.9995696,
          -6.636992e-10,
          -0.029337877,
          0,
          -0.017203867,
          0.81001824,
          -0.58615226,
          0,
          0.023764214,
          0.5864047,
          0.8096695,
          0,
          0.03845399,
          1.6623367,
          2.6621783,
          1
        ]
      },
      {
        "date" : 744516984.674172,
        "title" : "Untitled",
        "transform" : [
          0.9995696,
          -6.636992e-10,
          -0.029337877,
          0,
          -0.017203867,
          0.81001824,
          -0.58615226,
          0,
          0.023764214,
          0.5864047,
          0.8096695,
          0,
          0.031226054,
          1.3496906,
          2.1617868,
          1
        ]
      },
      {
        "date" : 744516966.934388,
        "title" : "Untitled",
        "transform" : [
          0.9995695,
          -6.6369915e-10,
          -0.029337874,
          0,
          -0.017203867,
          0.81001824,
          -0.58615226,
          0,
          0.023764214,
          0.5864047,
          0.8096695,
          0,
          0.00782769,
          0.34134302,
          0.3994754,
          1
        ]
      },
      {
        "date" : 744516954.434815,
        "title" : "Untitled",
        "transform" : [
          0.9996109,
          6.1475824e-12,
          -0.027891709,
          0,
          -0.0061158105,
          0.97566426,
          -0.21918453,
          0,
          0.027212944,
          0.21926984,
          0.97528464,
          0,
          0.010211974,
          0.15522003,
          0.5056499,
          1
        ]
      }
    ],
    "AF09ED6F-1707-48FD-8720-65B998362C09" : [
      {
        "date" : 744516527.353749,
        "title" : "Untitled",
        "transform" : [
          0.99999994,
          0,
          -0,
          0,
          -0,
          0.8660236,
          -0.500003,
          0,
          0,
          0.500003,
          0.8660236,
          0,
          0,
          4.493759,
          5.6660805,
          1
        ]
      }
    ]
  },
  "selectedSceneRelativePath" : "Wall.usda"
}